Welcome to LU factorization without pivoting.
Pivot control passed.
Control on machine precision value passed.
 Maxval matrix G = |L| x |U|               :   695.34533573465069     
 Maxval matrix |A|                         :   1.0000000000000000     
 Growth factor (without pivoting) is       :   695.34533573465069     
***********************************************************
                       M A T R I X                         
                                                          
==============================
  number of rows        :   20
  number of colons      :   20
  type of matrix        :A                             
==============================
                                                          
     1.0000000     0.5000000     0.3333333     0.2500000     0.2000000     0.1666667     0.1428571     0.1250000     0.1111111     0.1000000     0.0909091     0.0833333     0.0769231     0.0714286     0.0666667     0.0625000     0.0588235     0.0555556     0.0526316     0.0500000
     0.5000000     0.3333333     0.2500000     0.2000000     0.1666667     0.1428571     0.1250000     0.1111111     0.1000000     0.0909091     0.0833333     0.0769231     0.0714286     0.0666667     0.0625000     0.0588235     0.0555556     0.0526316     0.0500000     0.0476190
     0.3333333     0.2500000     0.2000000     0.1666667     0.1428571     0.1250000     0.1111111     0.1000000     0.0909091     0.0833333     0.0769231     0.0714286     0.0666667     0.0625000     0.0588235     0.0555556     0.0526316     0.0500000     0.0476190     0.0454545
     0.2500000     0.2000000     0.1666667     0.1428571     0.1250000     0.1111111     0.1000000     0.0909091     0.0833333     0.0769231     0.0714286     0.0666667     0.0625000     0.0588235     0.0555556     0.0526316     0.0500000     0.0476190     0.0454545     0.0434783
     0.2000000     0.1666667     0.1428571     0.1250000     0.1111111     0.1000000     0.0909091     0.0833333     0.0769231     0.0714286     0.0666667     0.0625000     0.0588235     0.0555556     0.0526316     0.0500000     0.0476190     0.0454545     0.0434783     0.0416667
     0.1666667     0.1428571     0.1250000     0.1111111     0.1000000     0.0909091     0.0833333     0.0769231     0.0714286     0.0666667     0.0625000     0.0588235     0.0555556     0.0526316     0.0500000     0.0476190     0.0454545     0.0434783     0.0416667     0.0400000
     0.1428571     0.1250000     0.1111111     0.1000000     0.0909091     0.0833333     0.0769231     0.0714286     0.0666667     0.0625000     0.0588235     0.0555556     0.0526316     0.0500000     0.0476190     0.0454545     0.0434783     0.0416667     0.0400000     0.0384615
     0.1250000     0.1111111     0.1000000     0.0909091     0.0833333     0.0769231     0.0714286     0.0666667     0.0625000     0.0588235     0.0555556     0.0526316     0.0500000     0.0476190     0.0454545     0.0434783     0.0416667     0.0400000     0.0384615     0.0370370
     0.1111111     0.1000000     0.0909091     0.0833333     0.0769231     0.0714286     0.0666667     0.0625000     0.0588235     0.0555556     0.0526316     0.0500000     0.0476190     0.0454545     0.0434783     0.0416667     0.0400000     0.0384615     0.0370370     0.0357143
     0.1000000     0.0909091     0.0833333     0.0769231     0.0714286     0.0666667     0.0625000     0.0588235     0.0555556     0.0526316     0.0500000     0.0476190     0.0454545     0.0434783     0.0416667     0.0400000     0.0384615     0.0370370     0.0357143     0.0344828
     0.0909091     0.0833333     0.0769231     0.0714286     0.0666667     0.0625000     0.0588235     0.0555556     0.0526316     0.0500000     0.0476190     0.0454545     0.0434783     0.0416667     0.0400000     0.0384615     0.0370370     0.0357143     0.0344828     0.0333333
     0.0833333     0.0769231     0.0714286     0.0666667     0.0625000     0.0588235     0.0555556     0.0526316     0.0500000     0.0476190     0.0454545     0.0434783     0.0416667     0.0400000     0.0384615     0.0370370     0.0357143     0.0344828     0.0333333     0.0322581
     0.0769231     0.0714286     0.0666667     0.0625000     0.0588235     0.0555556     0.0526316     0.0500000     0.0476190     0.0454545     0.0434783     0.0416667     0.0400000     0.0384615     0.0370370     0.0357143     0.0344828     0.0333333     0.0322581     0.0312500
     0.0714286     0.0666667     0.0625000     0.0588235     0.0555556     0.0526316     0.0500000     0.0476190     0.0454545     0.0434783     0.0416667     0.0400000     0.0384615     0.0370370     0.0357143     0.0344828     0.0333333     0.0322581     0.0312500     0.0303030
     0.0666667     0.0625000     0.0588235     0.0555556     0.0526316     0.0500000     0.0476190     0.0454545     0.0434783     0.0416667     0.0400000     0.0384615     0.0370370     0.0357143     0.0344828     0.0333333     0.0322581     0.0312500     0.0303030     0.0294118
     0.0625000     0.0588235     0.0555556     0.0526316     0.0500000     0.0476190     0.0454545     0.0434783     0.0416667     0.0400000     0.0384615     0.0370370     0.0357143     0.0344828     0.0333333     0.0322581     0.0312500     0.0303030     0.0294118     0.0285714
     0.0588235     0.0555556     0.0526316     0.0500000     0.0476190     0.0454545     0.0434783     0.0416667     0.0400000     0.0384615     0.0370370     0.0357143     0.0344828     0.0333333     0.0322581     0.0312500     0.0303030     0.0294118     0.0285714     0.0277778
     0.0555556     0.0526316     0.0500000     0.0476190     0.0454545     0.0434783     0.0416667     0.0400000     0.0384615     0.0370370     0.0357143     0.0344828     0.0333333     0.0322581     0.0312500     0.0303030     0.0294118     0.0285714     0.0277778     0.0270270
     0.0526316     0.0500000     0.0476190     0.0454545     0.0434783     0.0416667     0.0400000     0.0384615     0.0370370     0.0357143     0.0344828     0.0333333     0.0322581     0.0312500     0.0303030     0.0294118     0.0285714     0.0277778     0.0270270     0.0263158
     0.0500000     0.0476190     0.0454545     0.0434783     0.0416667     0.0400000     0.0384615     0.0370370     0.0357143     0.0344828     0.0333333     0.0322581     0.0312500     0.0303030     0.0294118     0.0285714     0.0277778     0.0270270     0.0263158     0.0256410
***********************************************************
                                                          
                                                          
***********************************************************
                       M A T R I X                         
                                                          
==============================
  number of rows        :   20
  number of colons      :   20
  type of matrix        :LU                            
==============================
                                                          
     1.0000000     0.5000000     0.3333333     0.2500000     0.2000000     0.1666667     0.1428571     0.1250000     0.1111111     0.1000000     0.0909091     0.0833333     0.0769231     0.0714286     0.0666667     0.0625000     0.0588235     0.0555556     0.0526316     0.0500000
     0.5000000     0.3333333     0.2500000     0.2000000     0.1666667     0.1428571     0.1250000     0.1111111     0.1000000     0.0909091     0.0833333     0.0769231     0.0714286     0.0666667     0.0625000     0.0588235     0.0555556     0.0526316     0.0500000     0.0476190
     0.3333333     0.2500000     0.2000000     0.1666667     0.1428571     0.1250000     0.1111111     0.1000000     0.0909091     0.0833333     0.0769231     0.0714286     0.0666667     0.0625000     0.0588235     0.0555556     0.0526316     0.0500000     0.0476190     0.0454545
     0.2500000     0.2000000     0.1666667     0.1428571     0.1250000     0.1111111     0.1000000     0.0909091     0.0833333     0.0769231     0.0714286     0.0666667     0.0625000     0.0588235     0.0555556     0.0526316     0.0500000     0.0476190     0.0454545     0.0434783
     0.2000000     0.1666667     0.1428571     0.1250000     0.1111111     0.1000000     0.0909091     0.0833333     0.0769231     0.0714286     0.0666667     0.0625000     0.0588235     0.0555556     0.0526316     0.0500000     0.0476190     0.0454545     0.0434783     0.0416667
     0.1666667     0.1428571     0.1250000     0.1111111     0.1000000     0.0909091     0.0833333     0.0769231     0.0714286     0.0666667     0.0625000     0.0588235     0.0555556     0.0526316     0.0500000     0.0476190     0.0454545     0.0434783     0.0416667     0.0400000
     0.1428571     0.1250000     0.1111111     0.1000000     0.0909091     0.0833333     0.0769231     0.0714286     0.0666667     0.0625000     0.0588235     0.0555556     0.0526316     0.0500000     0.0476190     0.0454545     0.0434783     0.0416667     0.0400000     0.0384615
     0.1250000     0.1111111     0.1000000     0.0909091     0.0833333     0.0769231     0.0714286     0.0666667     0.0625000     0.0588235     0.0555556     0.0526316     0.0500000     0.0476190     0.0454545     0.0434783     0.0416667     0.0400000     0.0384615     0.0370370
     0.1111111     0.1000000     0.0909091     0.0833333     0.0769231     0.0714286     0.0666667     0.0625000     0.0588235     0.0555556     0.0526316     0.0500000     0.0476190     0.0454545     0.0434783     0.0416667     0.0400000     0.0384615     0.0370370     0.0357143
     0.1000000     0.0909091     0.0833333     0.0769231     0.0714286     0.0666667     0.0625000     0.0588235     0.0555556     0.0526316     0.0500000     0.0476190     0.0454545     0.0434783     0.0416667     0.0400000     0.0384615     0.0370370     0.0357143     0.0344828
     0.0909091     0.0833333     0.0769231     0.0714286     0.0666667     0.0625000     0.0588235     0.0555556     0.0526316     0.0500000     0.0476190     0.0454545     0.0434783     0.0416667     0.0400000     0.0384615     0.0370370     0.0357143     0.0344828     0.0333333
     0.0833333     0.0769231     0.0714286     0.0666667     0.0625000     0.0588235     0.0555556     0.0526316     0.0500000     0.0476190     0.0454545     0.0434783     0.0416667     0.0400000     0.0384615     0.0370370     0.0357143     0.0344828     0.0333333     0.0322581
     0.0769231     0.0714286     0.0666667     0.0625000     0.0588235     0.0555556     0.0526316     0.0500000     0.0476190     0.0454545     0.0434783     0.0416667     0.0400000     0.0384615     0.0370370     0.0357143     0.0344828     0.0333333     0.0322581     0.0312500
     0.0714286     0.0666667     0.0625000     0.0588235     0.0555556     0.0526316     0.0500000     0.0476190     0.0454545     0.0434783     0.0416667     0.0400000     0.0384615     0.0370370     0.0357143     0.0344828     0.0333333     0.0322581     0.0312500     0.0303030
     0.0666667     0.0625000     0.0588235     0.0555556     0.0526316     0.0500000     0.0476190     0.0454545     0.0434783     0.0416667     0.0400000     0.0384615     0.0370370     0.0357143     0.0344828     0.0333333     0.0322581     0.0312500     0.0303030     0.0294118
     0.0625000     0.0588235     0.0555556     0.0526316     0.0500000     0.0476190     0.0454545     0.0434783     0.0416667     0.0400000     0.0384615     0.0370370     0.0357143     0.0344828     0.0333333     0.0322581     0.0312500     0.0303030     0.0294118     0.0285714
     0.0588235     0.0555556     0.0526316     0.0500000     0.0476190     0.0454545     0.0434783     0.0416667     0.0400000     0.0384615     0.0370370     0.0357143     0.0344828     0.0333333     0.0322581     0.0312500     0.0303030     0.0294118     0.0285714     0.0277778
     0.0555556     0.0526316     0.0500000     0.0476190     0.0454545     0.0434783     0.0416667     0.0400000     0.0384615     0.0370370     0.0357143     0.0344828     0.0333333     0.0322581     0.0312500     0.0303030     0.0294118     0.0285714     0.0277778     0.0270270
     0.0526316     0.0500000     0.0476190     0.0454545     0.0434783     0.0416667     0.0400000     0.0384615     0.0370370     0.0357143     0.0344828     0.0333333     0.0322581     0.0312500     0.0303030     0.0294118     0.0285714     0.0277778     0.0270270     0.0263158
     0.0500000     0.0476190     0.0454545     0.0434783     0.0416667     0.0400000     0.0384615     0.0370370     0.0357143     0.0344828     0.0333333     0.0322581     0.0312500     0.0303030     0.0294118     0.0285714     0.0277778     0.0270270     0.0263158     0.0256410
***********************************************************
                                                          
                                                          
***********************************************************
                       M A T R I X                         
                                                          
==============================
  number of rows        :   20
  number of colons      :   20
  type of matrix        :A - LU                        
==============================
                                                          
     0.0000000     0.0000000     0.0000000     0.0000000     0.0000000     0.0000000     0.0000000     0.0000000     0.0000000     0.0000000     0.0000000     0.0000000     0.0000000     0.0000000     0.0000000     0.0000000     0.0000000     0.0000000     0.0000000     0.0000000
     0.0000000     0.0000000     0.0000000     0.0000000     0.0000000     0.0000000     0.0000000     0.0000000     0.0000000     0.0000000     0.0000000     0.0000000     0.0000000     0.0000000     0.0000000     0.0000000     0.0000000     0.0000000     0.0000000     0.0000000
     0.0000000     0.0000000     0.0000000    -0.0000000     0.0000000     0.0000000     0.0000000     0.0000000     0.0000000     0.0000000     0.0000000     0.0000000     0.0000000     0.0000000     0.0000000     0.0000000     0.0000000     0.0000000     0.0000000     0.0000000
     0.0000000     0.0000000    -0.0000000     0.0000000     0.0000000     0.0000000     0.0000000     0.0000000     0.0000000     0.0000000     0.0000000     0.0000000     0.0000000     0.0000000     0.0000000     0.0000000     0.0000000     0.0000000     0.0000000     0.0000000
     0.0000000     0.0000000     0.0000000     0.0000000     0.0000000     0.0000000     0.0000000     0.0000000     0.0000000     0.0000000     0.0000000     0.0000000     0.0000000     0.0000000     0.0000000     0.0000000     0.0000000     0.0000000     0.0000000     0.0000000
     0.0000000     0.0000000     0.0000000    -0.0000000     0.0000000    -0.0000000     0.0000000    -0.0000000     0.0000000     0.0000000     0.0000000     0.0000000    -0.0000000    -0.0000000     0.0000000     0.0000000    -0.0000000     0.0000000     0.0000000    -0.0000000
     0.0000000     0.0000000     0.0000000     0.0000000     0.0000000     0.0000000     0.0000000     0.0000000     0.0000000     0.0000000     0.0000000    -0.0000000     0.0000000     0.0000000     0.0000000     0.0000000     0.0000000    -0.0000000     0.0000000     0.0000000
     0.0000000     0.0000000     0.0000000     0.0000000     0.0000000     0.0000000    -0.0000000    -0.0000000     0.0000000     0.0000000     0.0000000    -0.0000000    -0.0000000    -0.0000000    -0.0000000     0.0000000     0.0000000     0.0000000    -0.0000000     0.0000000
     0.0000000     0.0000000     0.0000000     0.0000000     0.0000000     0.0000000     0.0000000     0.0000000     0.0000000     0.0000000    -0.0000000    -0.0000000     0.0000000     0.0000000    -0.0000000    -0.0000000    -0.0000000    -0.0000000     0.0000000     0.0000000
     0.0000000     0.0000000     0.0000000     0.0000000     0.0000000     0.0000000    -0.0000000     0.0000000    -0.0000000     0.0000000     0.0000000    -0.0000000     0.0000000     0.0000000     0.0000000    -0.0000000     0.0000000     0.0000000     0.0000000     0.0000000
     0.0000000     0.0000000     0.0000000     0.0000000     0.0000000     0.0000000     0.0000000     0.0000000    -0.0000000    -0.0000000     0.0000000    -0.0000000     0.0000000     0.0000000     0.0000000     0.0000000     0.0000000     0.0000000     0.0000000    -0.0000000
     0.0000000     0.0000000     0.0000000     0.0000000    -0.0000000    -0.0000000    -0.0000000    -0.0000000     0.0000000     0.0000000     0.0000000     0.0000000    -0.0000000     0.0000000     0.0000000     0.0000000    -0.0000000    -0.0000000     0.0000000    -0.0000000
     0.0000000     0.0000000     0.0000000     0.0000000     0.0000000     0.0000000     0.0000000     0.0000000    -0.0000000     0.0000000     0.0000000    -0.0000000     0.0000000     0.0000000     0.0000000    -0.0000000     0.0000000     0.0000000     0.0000000    -0.0000000
     0.0000000     0.0000000     0.0000000     0.0000000     0.0000000     0.0000000     0.0000000     0.0000000    -0.0000000     0.0000000     0.0000000    -0.0000000     0.0000000     0.0000000    -0.0000000     0.0000000     0.0000000     0.0000000     0.0000000     0.0000000
     0.0000000     0.0000000    -0.0000000     0.0000000     0.0000000     0.0000000     0.0000000     0.0000000     0.0000000    -0.0000000     0.0000000    -0.0000000     0.0000000     0.0000000     0.0000000    -0.0000000    -0.0000000     0.0000000     0.0000000    -0.0000000
     0.0000000     0.0000000    -0.0000000    -0.0000000    -0.0000000     0.0000000     0.0000000    -0.0000000     0.0000000    -0.0000000     0.0000000     0.0000000    -0.0000000    -0.0000000    -0.0000000     0.0000000     0.0000000    -0.0000000     0.0000000     0.0000000
     0.0000000     0.0000000     0.0000000     0.0000000     0.0000000     0.0000000     0.0000000     0.0000000    -0.0000000     0.0000000     0.0000000     0.0000000     0.0000000     0.0000000     0.0000000     0.0000000     0.0000000     0.0000000     0.0000000    -0.0000000
     0.0000000     0.0000000     0.0000000     0.0000000     0.0000000     0.0000000     0.0000000    -0.0000000    -0.0000000     0.0000000     0.0000000     0.0000000     0.0000000    -0.0000000    -0.0000000     0.0000000    -0.0000000     0.0000000     0.0000000     0.0000000
     0.0000000     0.0000000     0.0000000     0.0000000     0.0000000     0.0000000    -0.0000000    -0.0000000     0.0000000     0.0000000     0.0000000     0.0000000     0.0000000     0.0000000     0.0000000    -0.0000000     0.0000000    -0.0000000     0.0000000    -0.0000000
     0.0000000     0.0000000     0.0000000     0.0000000     0.0000000    -0.0000000     0.0000000    -0.0000000     0.0000000    -0.0000000     0.0000000     0.0000000    -0.0000000    -0.0000000     0.0000000    -0.0000000     0.0000000    -0.0000000     0.0000000     0.0000000
***********************************************************
                                                          
                                                          
 Norm inf A - LU                           :   1.0408340855860843E-016
 Norm inf A - LU  [LAPACK]                 :   1.0408340855860843E-016
 Norm inf A                                :   3.5977396571436819     
 Normwise relative backward error (without pivoting) is :   2.8930222438952778E-017
Goodbye from factorization LU without pivoting
=====================================================================
                 ANALYSIS STEP BY STEP LU FACTORIZATION
=====================================================================
 at Step           1   growth factor  :   1.0000000000000000     
 at Step           2   growth factor  :   1.0000000000000000     
 at Step           3   growth factor  :   1.0000000000000000     
 at Step           4   growth factor  :   1.0000000000000000     
 at Step           5   growth factor  :   1.0000000000000000     
 at Step           6   growth factor  :   1.0000000000000000     
 at Step           7   growth factor  :   1.0000000000000000     
 at Step           8   growth factor  :   1.0000000000000000     
 at Step           9   growth factor  :   1.0000000000000000     
 at Step          10   growth factor  :   1.0000000000000000     
 at Step          11   growth factor  :   1.0000000000000000     
 at Step          12   growth factor  :   1.0000000000000000     
 at Step          13   growth factor  :   1.0000000000000000     
 at Step          14   growth factor  :   1.0000000000000000     
 at Step          15   growth factor  :   1.0000000000000000     
 at Step          16   growth factor  :   1.0000000000000000     
 at Step          17   growth factor  :   1.0000000000000000     
 at Step          18   growth factor  :   1.0000000000000000     
 at Step          19   growth factor  :   1.0000000000000000     
=====================================================================
           LAPACK: LU factorization with partial pivoting
=====================================================================
 Maxval matrix |U|                         :   1.0000000000000000     
 Maxval matrix |A|                         :   1.0000000000000000     
 Growth factor (with partial pivoting)  is :   1.0000000000000000     
 Norm inf A - LU                           :  0.98682146262747961     
 Norm inf A - LU  [LAPACK]                 :  0.98682146262747961     
 Norm inf A                                :   3.5977396571436819     
 Norm inf A  [LAPACK]                      :   3.5977396571436819     
 Reciprocal of the condition number of the matrix hilbert   is :   3.6296173714740875E-003
 Normwise relative backward error (with partial pivoting)   is :   0.27428929179687700     
