***********************************************************
                       M A T R I X                         
                                                          
==============================
  number of rows        :   60
  number of colons      :   60
  type of matrix        :Wilkinson                     
==============================
                                                          
    1.0    0.0    0.0    0.0    0.0    0.0    0.0    0.0    0.0    0.0    0.0    0.0    0.0    0.0    0.0    0.0    0.0    0.0    0.0    0.0    0.0    0.0    0.0    0.0    0.0    0.0    0.0    0.0    0.0    0.0    0.0    0.0    0.0    0.0    0.0    0.0    0.0    0.0    0.0    0.0    0.0    0.0    0.0    0.0    0.0    0.0    0.0    0.0    0.0    0.0    0.0    0.0    0.0    0.0    0.0    0.0    0.0    0.0    0.0    1.0
   -1.0    1.0    0.0    0.0    0.0    0.0    0.0    0.0    0.0    0.0    0.0    0.0    0.0    0.0    0.0    0.0    0.0    0.0    0.0    0.0    0.0    0.0    0.0    0.0    0.0    0.0    0.0    0.0    0.0    0.0    0.0    0.0    0.0    0.0    0.0    0.0    0.0    0.0    0.0    0.0    0.0    0.0    0.0    0.0    0.0    0.0    0.0    0.0    0.0    0.0    0.0    0.0    0.0    0.0    0.0    0.0    0.0    0.0    0.0    1.0
   -1.0   -1.0    1.0    0.0    0.0    0.0    0.0    0.0    0.0    0.0    0.0    0.0    0.0    0.0    0.0    0.0    0.0    0.0    0.0    0.0    0.0    0.0    0.0    0.0    0.0    0.0    0.0    0.0    0.0    0.0    0.0    0.0    0.0    0.0    0.0    0.0    0.0    0.0    0.0    0.0    0.0    0.0    0.0    0.0    0.0    0.0    0.0    0.0    0.0    0.0    0.0    0.0    0.0    0.0    0.0    0.0    0.0    0.0    0.0    1.0
   -1.0   -1.0   -1.0    1.0    0.0    0.0    0.0    0.0    0.0    0.0    0.0    0.0    0.0    0.0    0.0    0.0    0.0    0.0    0.0    0.0    0.0    0.0    0.0    0.0    0.0    0.0    0.0    0.0    0.0    0.0    0.0    0.0    0.0    0.0    0.0    0.0    0.0    0.0    0.0    0.0    0.0    0.0    0.0    0.0    0.0    0.0    0.0    0.0    0.0    0.0    0.0    0.0    0.0    0.0    0.0    0.0    0.0    0.0    0.0    1.0
   -1.0   -1.0   -1.0   -1.0    1.0    0.0    0.0    0.0    0.0    0.0    0.0    0.0    0.0    0.0    0.0    0.0    0.0    0.0    0.0    0.0    0.0    0.0    0.0    0.0    0.0    0.0    0.0    0.0    0.0    0.0    0.0    0.0    0.0    0.0    0.0    0.0    0.0    0.0    0.0    0.0    0.0    0.0    0.0    0.0    0.0    0.0    0.0    0.0    0.0    0.0    0.0    0.0    0.0    0.0    0.0    0.0    0.0    0.0    0.0    1.0
   -1.0   -1.0   -1.0   -1.0   -1.0    1.0    0.0    0.0    0.0    0.0    0.0    0.0    0.0    0.0    0.0    0.0    0.0    0.0    0.0    0.0    0.0    0.0    0.0    0.0    0.0    0.0    0.0    0.0    0.0    0.0    0.0    0.0    0.0    0.0    0.0    0.0    0.0    0.0    0.0    0.0    0.0    0.0    0.0    0.0    0.0    0.0    0.0    0.0    0.0    0.0    0.0    0.0    0.0    0.0    0.0    0.0    0.0    0.0    0.0    1.0
   -1.0   -1.0   -1.0   -1.0   -1.0   -1.0    1.0    0.0    0.0    0.0    0.0    0.0    0.0    0.0    0.0    0.0    0.0    0.0    0.0    0.0    0.0    0.0    0.0    0.0    0.0    0.0    0.0    0.0    0.0    0.0    0.0    0.0    0.0    0.0    0.0    0.0    0.0    0.0    0.0    0.0    0.0    0.0    0.0    0.0    0.0    0.0    0.0    0.0    0.0    0.0    0.0    0.0    0.0    0.0    0.0    0.0    0.0    0.0    0.0    1.0
   -1.0   -1.0   -1.0   -1.0   -1.0   -1.0   -1.0    1.0    0.0    0.0    0.0    0.0    0.0    0.0    0.0    0.0    0.0    0.0    0.0    0.0    0.0    0.0    0.0    0.0    0.0    0.0    0.0    0.0    0.0    0.0    0.0    0.0    0.0    0.0    0.0    0.0    0.0    0.0    0.0    0.0    0.0    0.0    0.0    0.0    0.0    0.0    0.0    0.0    0.0    0.0    0.0    0.0    0.0    0.0    0.0    0.0    0.0    0.0    0.0    1.0
   -1.0   -1.0   -1.0   -1.0   -1.0   -1.0   -1.0   -1.0    1.0    0.0    0.0    0.0    0.0    0.0    0.0    0.0    0.0    0.0    0.0    0.0    0.0    0.0    0.0    0.0    0.0    0.0    0.0    0.0    0.0    0.0    0.0    0.0    0.0    0.0    0.0    0.0    0.0    0.0    0.0    0.0    0.0    0.0    0.0    0.0    0.0    0.0    0.0    0.0    0.0    0.0    0.0    0.0    0.0    0.0    0.0    0.0    0.0    0.0    0.0    1.0
   -1.0   -1.0   -1.0   -1.0   -1.0   -1.0   -1.0   -1.0   -1.0    1.0    0.0    0.0    0.0    0.0    0.0    0.0    0.0    0.0    0.0    0.0    0.0    0.0    0.0    0.0    0.0    0.0    0.0    0.0    0.0    0.0    0.0    0.0    0.0    0.0    0.0    0.0    0.0    0.0    0.0    0.0    0.0    0.0    0.0    0.0    0.0    0.0    0.0    0.0    0.0    0.0    0.0    0.0    0.0    0.0    0.0    0.0    0.0    0.0    0.0    1.0
   -1.0   -1.0   -1.0   -1.0   -1.0   -1.0   -1.0   -1.0   -1.0   -1.0    1.0    0.0    0.0    0.0    0.0    0.0    0.0    0.0    0.0    0.0    0.0    0.0    0.0    0.0    0.0    0.0    0.0    0.0    0.0    0.0    0.0    0.0    0.0    0.0    0.0    0.0    0.0    0.0    0.0    0.0    0.0    0.0    0.0    0.0    0.0    0.0    0.0    0.0    0.0    0.0    0.0    0.0    0.0    0.0    0.0    0.0    0.0    0.0    0.0    1.0
   -1.0   -1.0   -1.0   -1.0   -1.0   -1.0   -1.0   -1.0   -1.0   -1.0   -1.0    1.0    0.0    0.0    0.0    0.0    0.0    0.0    0.0    0.0    0.0    0.0    0.0    0.0    0.0    0.0    0.0    0.0    0.0    0.0    0.0    0.0    0.0    0.0    0.0    0.0    0.0    0.0    0.0    0.0    0.0    0.0    0.0    0.0    0.0    0.0    0.0    0.0    0.0    0.0    0.0    0.0    0.0    0.0    0.0    0.0    0.0    0.0    0.0    1.0
   -1.0   -1.0   -1.0   -1.0   -1.0   -1.0   -1.0   -1.0   -1.0   -1.0   -1.0   -1.0    1.0    0.0    0.0    0.0    0.0    0.0    0.0    0.0    0.0    0.0    0.0    0.0    0.0    0.0    0.0    0.0    0.0    0.0    0.0    0.0    0.0    0.0    0.0    0.0    0.0    0.0    0.0    0.0    0.0    0.0    0.0    0.0    0.0    0.0    0.0    0.0    0.0    0.0    0.0    0.0    0.0    0.0    0.0    0.0    0.0    0.0    0.0    1.0
   -1.0   -1.0   -1.0   -1.0   -1.0   -1.0   -1.0   -1.0   -1.0   -1.0   -1.0   -1.0   -1.0    1.0    0.0    0.0    0.0    0.0    0.0    0.0    0.0    0.0    0.0    0.0    0.0    0.0    0.0    0.0    0.0    0.0    0.0    0.0    0.0    0.0    0.0    0.0    0.0    0.0    0.0    0.0    0.0    0.0    0.0    0.0    0.0    0.0    0.0    0.0    0.0    0.0    0.0    0.0    0.0    0.0    0.0    0.0    0.0    0.0    0.0    1.0
   -1.0   -1.0   -1.0   -1.0   -1.0   -1.0   -1.0   -1.0   -1.0   -1.0   -1.0   -1.0   -1.0   -1.0    1.0    0.0    0.0    0.0    0.0    0.0    0.0    0.0    0.0    0.0    0.0    0.0    0.0    0.0    0.0    0.0    0.0    0.0    0.0    0.0    0.0    0.0    0.0    0.0    0.0    0.0    0.0    0.0    0.0    0.0    0.0    0.0    0.0    0.0    0.0    0.0    0.0    0.0    0.0    0.0    0.0    0.0    0.0    0.0    0.0    1.0
   -1.0   -1.0   -1.0   -1.0   -1.0   -1.0   -1.0   -1.0   -1.0   -1.0   -1.0   -1.0   -1.0   -1.0   -1.0    1.0    0.0    0.0    0.0    0.0    0.0    0.0    0.0    0.0    0.0    0.0    0.0    0.0    0.0    0.0    0.0    0.0    0.0    0.0    0.0    0.0    0.0    0.0    0.0    0.0    0.0    0.0    0.0    0.0    0.0    0.0    0.0    0.0    0.0    0.0    0.0    0.0    0.0    0.0    0.0    0.0    0.0    0.0    0.0    1.0
   -1.0   -1.0   -1.0   -1.0   -1.0   -1.0   -1.0   -1.0   -1.0   -1.0   -1.0   -1.0   -1.0   -1.0   -1.0   -1.0    1.0    0.0    0.0    0.0    0.0    0.0    0.0    0.0    0.0    0.0    0.0    0.0    0.0    0.0    0.0    0.0    0.0    0.0    0.0    0.0    0.0    0.0    0.0    0.0    0.0    0.0    0.0    0.0    0.0    0.0    0.0    0.0    0.0    0.0    0.0    0.0    0.0    0.0    0.0    0.0    0.0    0.0    0.0    1.0
   -1.0   -1.0   -1.0   -1.0   -1.0   -1.0   -1.0   -1.0   -1.0   -1.0   -1.0   -1.0   -1.0   -1.0   -1.0   -1.0   -1.0    1.0    0.0    0.0    0.0    0.0    0.0    0.0    0.0    0.0    0.0    0.0    0.0    0.0    0.0    0.0    0.0    0.0    0.0    0.0    0.0    0.0    0.0    0.0    0.0    0.0    0.0    0.0    0.0    0.0    0.0    0.0    0.0    0.0    0.0    0.0    0.0    0.0    0.0    0.0    0.0    0.0    0.0    1.0
   -1.0   -1.0   -1.0   -1.0   -1.0   -1.0   -1.0   -1.0   -1.0   -1.0   -1.0   -1.0   -1.0   -1.0   -1.0   -1.0   -1.0   -1.0    1.0    0.0    0.0    0.0    0.0    0.0    0.0    0.0    0.0    0.0    0.0    0.0    0.0    0.0    0.0    0.0    0.0    0.0    0.0    0.0    0.0    0.0    0.0    0.0    0.0    0.0    0.0    0.0    0.0    0.0    0.0    0.0    0.0    0.0    0.0    0.0    0.0    0.0    0.0    0.0    0.0    1.0
   -1.0   -1.0   -1.0   -1.0   -1.0   -1.0   -1.0   -1.0   -1.0   -1.0   -1.0   -1.0   -1.0   -1.0   -1.0   -1.0   -1.0   -1.0   -1.0    1.0    0.0    0.0    0.0    0.0    0.0    0.0    0.0    0.0    0.0    0.0    0.0    0.0    0.0    0.0    0.0    0.0    0.0    0.0    0.0    0.0    0.0    0.0    0.0    0.0    0.0    0.0    0.0    0.0    0.0    0.0    0.0    0.0    0.0    0.0    0.0    0.0    0.0    0.0    0.0    1.0
   -1.0   -1.0   -1.0   -1.0   -1.0   -1.0   -1.0   -1.0   -1.0   -1.0   -1.0   -1.0   -1.0   -1.0   -1.0   -1.0   -1.0   -1.0   -1.0   -1.0    1.0    0.0    0.0    0.0    0.0    0.0    0.0    0.0    0.0    0.0    0.0    0.0    0.0    0.0    0.0    0.0    0.0    0.0    0.0    0.0    0.0    0.0    0.0    0.0    0.0    0.0    0.0    0.0    0.0    0.0    0.0    0.0    0.0    0.0    0.0    0.0    0.0    0.0    0.0    1.0
   -1.0   -1.0   -1.0   -1.0   -1.0   -1.0   -1.0   -1.0   -1.0   -1.0   -1.0   -1.0   -1.0   -1.0   -1.0   -1.0   -1.0   -1.0   -1.0   -1.0   -1.0    1.0    0.0    0.0    0.0    0.0    0.0    0.0    0.0    0.0    0.0    0.0    0.0    0.0    0.0    0.0    0.0    0.0    0.0    0.0    0.0    0.0    0.0    0.0    0.0    0.0    0.0    0.0    0.0    0.0    0.0    0.0    0.0    0.0    0.0    0.0    0.0    0.0    0.0    1.0
   -1.0   -1.0   -1.0   -1.0   -1.0   -1.0   -1.0   -1.0   -1.0   -1.0   -1.0   -1.0   -1.0   -1.0   -1.0   -1.0   -1.0   -1.0   -1.0   -1.0   -1.0   -1.0    1.0    0.0    0.0    0.0    0.0    0.0    0.0    0.0    0.0    0.0    0.0    0.0    0.0    0.0    0.0    0.0    0.0    0.0    0.0    0.0    0.0    0.0    0.0    0.0    0.0    0.0    0.0    0.0    0.0    0.0    0.0    0.0    0.0    0.0    0.0    0.0    0.0    1.0
   -1.0   -1.0   -1.0   -1.0   -1.0   -1.0   -1.0   -1.0   -1.0   -1.0   -1.0   -1.0   -1.0   -1.0   -1.0   -1.0   -1.0   -1.0   -1.0   -1.0   -1.0   -1.0   -1.0    1.0    0.0    0.0    0.0    0.0    0.0    0.0    0.0    0.0    0.0    0.0    0.0    0.0    0.0    0.0    0.0    0.0    0.0    0.0    0.0    0.0    0.0    0.0    0.0    0.0    0.0    0.0    0.0    0.0    0.0    0.0    0.0    0.0    0.0    0.0    0.0    1.0
   -1.0   -1.0   -1.0   -1.0   -1.0   -1.0   -1.0   -1.0   -1.0   -1.0   -1.0   -1.0   -1.0   -1.0   -1.0   -1.0   -1.0   -1.0   -1.0   -1.0   -1.0   -1.0   -1.0   -1.0    1.0    0.0    0.0    0.0    0.0    0.0    0.0    0.0    0.0    0.0    0.0    0.0    0.0    0.0    0.0    0.0    0.0    0.0    0.0    0.0    0.0    0.0    0.0    0.0    0.0    0.0    0.0    0.0    0.0    0.0    0.0    0.0    0.0    0.0    0.0    1.0
   -1.0   -1.0   -1.0   -1.0   -1.0   -1.0   -1.0   -1.0   -1.0   -1.0   -1.0   -1.0   -1.0   -1.0   -1.0   -1.0   -1.0   -1.0   -1.0   -1.0   -1.0   -1.0   -1.0   -1.0   -1.0    1.0    0.0    0.0    0.0    0.0    0.0    0.0    0.0    0.0    0.0    0.0    0.0    0.0    0.0    0.0    0.0    0.0    0.0    0.0    0.0    0.0    0.0    0.0    0.0    0.0    0.0    0.0    0.0    0.0    0.0    0.0    0.0    0.0    0.0    1.0
   -1.0   -1.0   -1.0   -1.0   -1.0   -1.0   -1.0   -1.0   -1.0   -1.0   -1.0   -1.0   -1.0   -1.0   -1.0   -1.0   -1.0   -1.0   -1.0   -1.0   -1.0   -1.0   -1.0   -1.0   -1.0   -1.0    1.0    0.0    0.0    0.0    0.0    0.0    0.0    0.0    0.0    0.0    0.0    0.0    0.0    0.0    0.0    0.0    0.0    0.0    0.0    0.0    0.0    0.0    0.0    0.0    0.0    0.0    0.0    0.0    0.0    0.0    0.0    0.0    0.0    1.0
   -1.0   -1.0   -1.0   -1.0   -1.0   -1.0   -1.0   -1.0   -1.0   -1.0   -1.0   -1.0   -1.0   -1.0   -1.0   -1.0   -1.0   -1.0   -1.0   -1.0   -1.0   -1.0   -1.0   -1.0   -1.0   -1.0   -1.0    1.0    0.0    0.0    0.0    0.0    0.0    0.0    0.0    0.0    0.0    0.0    0.0    0.0    0.0    0.0    0.0    0.0    0.0    0.0    0.0    0.0    0.0    0.0    0.0    0.0    0.0    0.0    0.0    0.0    0.0    0.0    0.0    1.0
   -1.0   -1.0   -1.0   -1.0   -1.0   -1.0   -1.0   -1.0   -1.0   -1.0   -1.0   -1.0   -1.0   -1.0   -1.0   -1.0   -1.0   -1.0   -1.0   -1.0   -1.0   -1.0   -1.0   -1.0   -1.0   -1.0   -1.0   -1.0    1.0    0.0    0.0    0.0    0.0    0.0    0.0    0.0    0.0    0.0    0.0    0.0    0.0    0.0    0.0    0.0    0.0    0.0    0.0    0.0    0.0    0.0    0.0    0.0    0.0    0.0    0.0    0.0    0.0    0.0    0.0    1.0
   -1.0   -1.0   -1.0   -1.0   -1.0   -1.0   -1.0   -1.0   -1.0   -1.0   -1.0   -1.0   -1.0   -1.0   -1.0   -1.0   -1.0   -1.0   -1.0   -1.0   -1.0   -1.0   -1.0   -1.0   -1.0   -1.0   -1.0   -1.0   -1.0    1.0    0.0    0.0    0.0    0.0    0.0    0.0    0.0    0.0    0.0    0.0    0.0    0.0    0.0    0.0    0.0    0.0    0.0    0.0    0.0    0.0    0.0    0.0    0.0    0.0    0.0    0.0    0.0    0.0    0.0    1.0
   -1.0   -1.0   -1.0   -1.0   -1.0   -1.0   -1.0   -1.0   -1.0   -1.0   -1.0   -1.0   -1.0   -1.0   -1.0   -1.0   -1.0   -1.0   -1.0   -1.0   -1.0   -1.0   -1.0   -1.0   -1.0   -1.0   -1.0   -1.0   -1.0   -1.0    1.0    0.0    0.0    0.0    0.0    0.0    0.0    0.0    0.0    0.0    0.0    0.0    0.0    0.0    0.0    0.0    0.0    0.0    0.0    0.0    0.0    0.0    0.0    0.0    0.0    0.0    0.0    0.0    0.0    1.0
   -1.0   -1.0   -1.0   -1.0   -1.0   -1.0   -1.0   -1.0   -1.0   -1.0   -1.0   -1.0   -1.0   -1.0   -1.0   -1.0   -1.0   -1.0   -1.0   -1.0   -1.0   -1.0   -1.0   -1.0   -1.0   -1.0   -1.0   -1.0   -1.0   -1.0   -1.0    1.0    0.0    0.0    0.0    0.0    0.0    0.0    0.0    0.0    0.0    0.0    0.0    0.0    0.0    0.0    0.0    0.0    0.0    0.0    0.0    0.0    0.0    0.0    0.0    0.0    0.0    0.0    0.0    1.0
   -1.0   -1.0   -1.0   -1.0   -1.0   -1.0   -1.0   -1.0   -1.0   -1.0   -1.0   -1.0   -1.0   -1.0   -1.0   -1.0   -1.0   -1.0   -1.0   -1.0   -1.0   -1.0   -1.0   -1.0   -1.0   -1.0   -1.0   -1.0   -1.0   -1.0   -1.0   -1.0    1.0    0.0    0.0    0.0    0.0    0.0    0.0    0.0    0.0    0.0    0.0    0.0    0.0    0.0    0.0    0.0    0.0    0.0    0.0    0.0    0.0    0.0    0.0    0.0    0.0    0.0    0.0    1.0
   -1.0   -1.0   -1.0   -1.0   -1.0   -1.0   -1.0   -1.0   -1.0   -1.0   -1.0   -1.0   -1.0   -1.0   -1.0   -1.0   -1.0   -1.0   -1.0   -1.0   -1.0   -1.0   -1.0   -1.0   -1.0   -1.0   -1.0   -1.0   -1.0   -1.0   -1.0   -1.0   -1.0    1.0    0.0    0.0    0.0    0.0    0.0    0.0    0.0    0.0    0.0    0.0    0.0    0.0    0.0    0.0    0.0    0.0    0.0    0.0    0.0    0.0    0.0    0.0    0.0    0.0    0.0    1.0
   -1.0   -1.0   -1.0   -1.0   -1.0   -1.0   -1.0   -1.0   -1.0   -1.0   -1.0   -1.0   -1.0   -1.0   -1.0   -1.0   -1.0   -1.0   -1.0   -1.0   -1.0   -1.0   -1.0   -1.0   -1.0   -1.0   -1.0   -1.0   -1.0   -1.0   -1.0   -1.0   -1.0   -1.0    1.0    0.0    0.0    0.0    0.0    0.0    0.0    0.0    0.0    0.0    0.0    0.0    0.0    0.0    0.0    0.0    0.0    0.0    0.0    0.0    0.0    0.0    0.0    0.0    0.0    1.0
   -1.0   -1.0   -1.0   -1.0   -1.0   -1.0   -1.0   -1.0   -1.0   -1.0   -1.0   -1.0   -1.0   -1.0   -1.0   -1.0   -1.0   -1.0   -1.0   -1.0   -1.0   -1.0   -1.0   -1.0   -1.0   -1.0   -1.0   -1.0   -1.0   -1.0   -1.0   -1.0   -1.0   -1.0   -1.0    1.0    0.0    0.0    0.0    0.0    0.0    0.0    0.0    0.0    0.0    0.0    0.0    0.0    0.0    0.0    0.0    0.0    0.0    0.0    0.0    0.0    0.0    0.0    0.0    1.0
   -1.0   -1.0   -1.0   -1.0   -1.0   -1.0   -1.0   -1.0   -1.0   -1.0   -1.0   -1.0   -1.0   -1.0   -1.0   -1.0   -1.0   -1.0   -1.0   -1.0   -1.0   -1.0   -1.0   -1.0   -1.0   -1.0   -1.0   -1.0   -1.0   -1.0   -1.0   -1.0   -1.0   -1.0   -1.0   -1.0    1.0    0.0    0.0    0.0    0.0    0.0    0.0    0.0    0.0    0.0    0.0    0.0    0.0    0.0    0.0    0.0    0.0    0.0    0.0    0.0    0.0    0.0    0.0    1.0
   -1.0   -1.0   -1.0   -1.0   -1.0   -1.0   -1.0   -1.0   -1.0   -1.0   -1.0   -1.0   -1.0   -1.0   -1.0   -1.0   -1.0   -1.0   -1.0   -1.0   -1.0   -1.0   -1.0   -1.0   -1.0   -1.0   -1.0   -1.0   -1.0   -1.0   -1.0   -1.0   -1.0   -1.0   -1.0   -1.0   -1.0    1.0    0.0    0.0    0.0    0.0    0.0    0.0    0.0    0.0    0.0    0.0    0.0    0.0    0.0    0.0    0.0    0.0    0.0    0.0    0.0    0.0    0.0    1.0
   -1.0   -1.0   -1.0   -1.0   -1.0   -1.0   -1.0   -1.0   -1.0   -1.0   -1.0   -1.0   -1.0   -1.0   -1.0   -1.0   -1.0   -1.0   -1.0   -1.0   -1.0   -1.0   -1.0   -1.0   -1.0   -1.0   -1.0   -1.0   -1.0   -1.0   -1.0   -1.0   -1.0   -1.0   -1.0   -1.0   -1.0   -1.0    1.0    0.0    0.0    0.0    0.0    0.0    0.0    0.0    0.0    0.0    0.0    0.0    0.0    0.0    0.0    0.0    0.0    0.0    0.0    0.0    0.0    1.0
   -1.0   -1.0   -1.0   -1.0   -1.0   -1.0   -1.0   -1.0   -1.0   -1.0   -1.0   -1.0   -1.0   -1.0   -1.0   -1.0   -1.0   -1.0   -1.0   -1.0   -1.0   -1.0   -1.0   -1.0   -1.0   -1.0   -1.0   -1.0   -1.0   -1.0   -1.0   -1.0   -1.0   -1.0   -1.0   -1.0   -1.0   -1.0   -1.0    1.0    0.0    0.0    0.0    0.0    0.0    0.0    0.0    0.0    0.0    0.0    0.0    0.0    0.0    0.0    0.0    0.0    0.0    0.0    0.0    1.0
   -1.0   -1.0   -1.0   -1.0   -1.0   -1.0   -1.0   -1.0   -1.0   -1.0   -1.0   -1.0   -1.0   -1.0   -1.0   -1.0   -1.0   -1.0   -1.0   -1.0   -1.0   -1.0   -1.0   -1.0   -1.0   -1.0   -1.0   -1.0   -1.0   -1.0   -1.0   -1.0   -1.0   -1.0   -1.0   -1.0   -1.0   -1.0   -1.0   -1.0    1.0    0.0    0.0    0.0    0.0    0.0    0.0    0.0    0.0    0.0    0.0    0.0    0.0    0.0    0.0    0.0    0.0    0.0    0.0    1.0
   -1.0   -1.0   -1.0   -1.0   -1.0   -1.0   -1.0   -1.0   -1.0   -1.0   -1.0   -1.0   -1.0   -1.0   -1.0   -1.0   -1.0   -1.0   -1.0   -1.0   -1.0   -1.0   -1.0   -1.0   -1.0   -1.0   -1.0   -1.0   -1.0   -1.0   -1.0   -1.0   -1.0   -1.0   -1.0   -1.0   -1.0   -1.0   -1.0   -1.0   -1.0    1.0    0.0    0.0    0.0    0.0    0.0    0.0    0.0    0.0    0.0    0.0    0.0    0.0    0.0    0.0    0.0    0.0    0.0    1.0
   -1.0   -1.0   -1.0   -1.0   -1.0   -1.0   -1.0   -1.0   -1.0   -1.0   -1.0   -1.0   -1.0   -1.0   -1.0   -1.0   -1.0   -1.0   -1.0   -1.0   -1.0   -1.0   -1.0   -1.0   -1.0   -1.0   -1.0   -1.0   -1.0   -1.0   -1.0   -1.0   -1.0   -1.0   -1.0   -1.0   -1.0   -1.0   -1.0   -1.0   -1.0   -1.0    1.0    0.0    0.0    0.0    0.0    0.0    0.0    0.0    0.0    0.0    0.0    0.0    0.0    0.0    0.0    0.0    0.0    1.0
   -1.0   -1.0   -1.0   -1.0   -1.0   -1.0   -1.0   -1.0   -1.0   -1.0   -1.0   -1.0   -1.0   -1.0   -1.0   -1.0   -1.0   -1.0   -1.0   -1.0   -1.0   -1.0   -1.0   -1.0   -1.0   -1.0   -1.0   -1.0   -1.0   -1.0   -1.0   -1.0   -1.0   -1.0   -1.0   -1.0   -1.0   -1.0   -1.0   -1.0   -1.0   -1.0   -1.0    1.0    0.0    0.0    0.0    0.0    0.0    0.0    0.0    0.0    0.0    0.0    0.0    0.0    0.0    0.0    0.0    1.0
   -1.0   -1.0   -1.0   -1.0   -1.0   -1.0   -1.0   -1.0   -1.0   -1.0   -1.0   -1.0   -1.0   -1.0   -1.0   -1.0   -1.0   -1.0   -1.0   -1.0   -1.0   -1.0   -1.0   -1.0   -1.0   -1.0   -1.0   -1.0   -1.0   -1.0   -1.0   -1.0   -1.0   -1.0   -1.0   -1.0   -1.0   -1.0   -1.0   -1.0   -1.0   -1.0   -1.0   -1.0    1.0    0.0    0.0    0.0    0.0    0.0    0.0    0.0    0.0    0.0    0.0    0.0    0.0    0.0    0.0    1.0
   -1.0   -1.0   -1.0   -1.0   -1.0   -1.0   -1.0   -1.0   -1.0   -1.0   -1.0   -1.0   -1.0   -1.0   -1.0   -1.0   -1.0   -1.0   -1.0   -1.0   -1.0   -1.0   -1.0   -1.0   -1.0   -1.0   -1.0   -1.0   -1.0   -1.0   -1.0   -1.0   -1.0   -1.0   -1.0   -1.0   -1.0   -1.0   -1.0   -1.0   -1.0   -1.0   -1.0   -1.0   -1.0    1.0    0.0    0.0    0.0    0.0    0.0    0.0    0.0    0.0    0.0    0.0    0.0    0.0    0.0    1.0
   -1.0   -1.0   -1.0   -1.0   -1.0   -1.0   -1.0   -1.0   -1.0   -1.0   -1.0   -1.0   -1.0   -1.0   -1.0   -1.0   -1.0   -1.0   -1.0   -1.0   -1.0   -1.0   -1.0   -1.0   -1.0   -1.0   -1.0   -1.0   -1.0   -1.0   -1.0   -1.0   -1.0   -1.0   -1.0   -1.0   -1.0   -1.0   -1.0   -1.0   -1.0   -1.0   -1.0   -1.0   -1.0   -1.0    1.0    0.0    0.0    0.0    0.0    0.0    0.0    0.0    0.0    0.0    0.0    0.0    0.0    1.0
   -1.0   -1.0   -1.0   -1.0   -1.0   -1.0   -1.0   -1.0   -1.0   -1.0   -1.0   -1.0   -1.0   -1.0   -1.0   -1.0   -1.0   -1.0   -1.0   -1.0   -1.0   -1.0   -1.0   -1.0   -1.0   -1.0   -1.0   -1.0   -1.0   -1.0   -1.0   -1.0   -1.0   -1.0   -1.0   -1.0   -1.0   -1.0   -1.0   -1.0   -1.0   -1.0   -1.0   -1.0   -1.0   -1.0   -1.0    1.0    0.0    0.0    0.0    0.0    0.0    0.0    0.0    0.0    0.0    0.0    0.0    1.0
   -1.0   -1.0   -1.0   -1.0   -1.0   -1.0   -1.0   -1.0   -1.0   -1.0   -1.0   -1.0   -1.0   -1.0   -1.0   -1.0   -1.0   -1.0   -1.0   -1.0   -1.0   -1.0   -1.0   -1.0   -1.0   -1.0   -1.0   -1.0   -1.0   -1.0   -1.0   -1.0   -1.0   -1.0   -1.0   -1.0   -1.0   -1.0   -1.0   -1.0   -1.0   -1.0   -1.0   -1.0   -1.0   -1.0   -1.0   -1.0    1.0    0.0    0.0    0.0    0.0    0.0    0.0    0.0    0.0    0.0    0.0    1.0
   -1.0   -1.0   -1.0   -1.0   -1.0   -1.0   -1.0   -1.0   -1.0   -1.0   -1.0   -1.0   -1.0   -1.0   -1.0   -1.0   -1.0   -1.0   -1.0   -1.0   -1.0   -1.0   -1.0   -1.0   -1.0   -1.0   -1.0   -1.0   -1.0   -1.0   -1.0   -1.0   -1.0   -1.0   -1.0   -1.0   -1.0   -1.0   -1.0   -1.0   -1.0   -1.0   -1.0   -1.0   -1.0   -1.0   -1.0   -1.0   -1.0    1.0    0.0    0.0    0.0    0.0    0.0    0.0    0.0    0.0    0.0    1.0
   -1.0   -1.0   -1.0   -1.0   -1.0   -1.0   -1.0   -1.0   -1.0   -1.0   -1.0   -1.0   -1.0   -1.0   -1.0   -1.0   -1.0   -1.0   -1.0   -1.0   -1.0   -1.0   -1.0   -1.0   -1.0   -1.0   -1.0   -1.0   -1.0   -1.0   -1.0   -1.0   -1.0   -1.0   -1.0   -1.0   -1.0   -1.0   -1.0   -1.0   -1.0   -1.0   -1.0   -1.0   -1.0   -1.0   -1.0   -1.0   -1.0   -1.0    1.0    0.0    0.0    0.0    0.0    0.0    0.0    0.0    0.0    1.0
   -1.0   -1.0   -1.0   -1.0   -1.0   -1.0   -1.0   -1.0   -1.0   -1.0   -1.0   -1.0   -1.0   -1.0   -1.0   -1.0   -1.0   -1.0   -1.0   -1.0   -1.0   -1.0   -1.0   -1.0   -1.0   -1.0   -1.0   -1.0   -1.0   -1.0   -1.0   -1.0   -1.0   -1.0   -1.0   -1.0   -1.0   -1.0   -1.0   -1.0   -1.0   -1.0   -1.0   -1.0   -1.0   -1.0   -1.0   -1.0   -1.0   -1.0   -1.0    1.0    0.0    0.0    0.0    0.0    0.0    0.0    0.0    1.0
   -1.0   -1.0   -1.0   -1.0   -1.0   -1.0   -1.0   -1.0   -1.0   -1.0   -1.0   -1.0   -1.0   -1.0   -1.0   -1.0   -1.0   -1.0   -1.0   -1.0   -1.0   -1.0   -1.0   -1.0   -1.0   -1.0   -1.0   -1.0   -1.0   -1.0   -1.0   -1.0   -1.0   -1.0   -1.0   -1.0   -1.0   -1.0   -1.0   -1.0   -1.0   -1.0   -1.0   -1.0   -1.0   -1.0   -1.0   -1.0   -1.0   -1.0   -1.0   -1.0    1.0    0.0    0.0    0.0    0.0    0.0    0.0    1.0
   -1.0   -1.0   -1.0   -1.0   -1.0   -1.0   -1.0   -1.0   -1.0   -1.0   -1.0   -1.0   -1.0   -1.0   -1.0   -1.0   -1.0   -1.0   -1.0   -1.0   -1.0   -1.0   -1.0   -1.0   -1.0   -1.0   -1.0   -1.0   -1.0   -1.0   -1.0   -1.0   -1.0   -1.0   -1.0   -1.0   -1.0   -1.0   -1.0   -1.0   -1.0   -1.0   -1.0   -1.0   -1.0   -1.0   -1.0   -1.0   -1.0   -1.0   -1.0   -1.0   -1.0    1.0    0.0    0.0    0.0    0.0    0.0    1.0
   -1.0   -1.0   -1.0   -1.0   -1.0   -1.0   -1.0   -1.0   -1.0   -1.0   -1.0   -1.0   -1.0   -1.0   -1.0   -1.0   -1.0   -1.0   -1.0   -1.0   -1.0   -1.0   -1.0   -1.0   -1.0   -1.0   -1.0   -1.0   -1.0   -1.0   -1.0   -1.0   -1.0   -1.0   -1.0   -1.0   -1.0   -1.0   -1.0   -1.0   -1.0   -1.0   -1.0   -1.0   -1.0   -1.0   -1.0   -1.0   -1.0   -1.0   -1.0   -1.0   -1.0   -1.0    1.0    0.0    0.0    0.0    0.0    1.0
   -1.0   -1.0   -1.0   -1.0   -1.0   -1.0   -1.0   -1.0   -1.0   -1.0   -1.0   -1.0   -1.0   -1.0   -1.0   -1.0   -1.0   -1.0   -1.0   -1.0   -1.0   -1.0   -1.0   -1.0   -1.0   -1.0   -1.0   -1.0   -1.0   -1.0   -1.0   -1.0   -1.0   -1.0   -1.0   -1.0   -1.0   -1.0   -1.0   -1.0   -1.0   -1.0   -1.0   -1.0   -1.0   -1.0   -1.0   -1.0   -1.0   -1.0   -1.0   -1.0   -1.0   -1.0   -1.0    1.0    0.0    0.0    0.0    1.0
   -1.0   -1.0   -1.0   -1.0   -1.0   -1.0   -1.0   -1.0   -1.0   -1.0   -1.0   -1.0   -1.0   -1.0   -1.0   -1.0   -1.0   -1.0   -1.0   -1.0   -1.0   -1.0   -1.0   -1.0   -1.0   -1.0   -1.0   -1.0   -1.0   -1.0   -1.0   -1.0   -1.0   -1.0   -1.0   -1.0   -1.0   -1.0   -1.0   -1.0   -1.0   -1.0   -1.0   -1.0   -1.0   -1.0   -1.0   -1.0   -1.0   -1.0   -1.0   -1.0   -1.0   -1.0   -1.0   -1.0    1.0    0.0    0.0    1.0
   -1.0   -1.0   -1.0   -1.0   -1.0   -1.0   -1.0   -1.0   -1.0   -1.0   -1.0   -1.0   -1.0   -1.0   -1.0   -1.0   -1.0   -1.0   -1.0   -1.0   -1.0   -1.0   -1.0   -1.0   -1.0   -1.0   -1.0   -1.0   -1.0   -1.0   -1.0   -1.0   -1.0   -1.0   -1.0   -1.0   -1.0   -1.0   -1.0   -1.0   -1.0   -1.0   -1.0   -1.0   -1.0   -1.0   -1.0   -1.0   -1.0   -1.0   -1.0   -1.0   -1.0   -1.0   -1.0   -1.0   -1.0    1.0    0.0    1.0
   -1.0   -1.0   -1.0   -1.0   -1.0   -1.0   -1.0   -1.0   -1.0   -1.0   -1.0   -1.0   -1.0   -1.0   -1.0   -1.0   -1.0   -1.0   -1.0   -1.0   -1.0   -1.0   -1.0   -1.0   -1.0   -1.0   -1.0   -1.0   -1.0   -1.0   -1.0   -1.0   -1.0   -1.0   -1.0   -1.0   -1.0   -1.0   -1.0   -1.0   -1.0   -1.0   -1.0   -1.0   -1.0   -1.0   -1.0   -1.0   -1.0   -1.0   -1.0   -1.0   -1.0   -1.0   -1.0   -1.0   -1.0   -1.0    1.0    1.0
   -1.0   -1.0   -1.0   -1.0   -1.0   -1.0   -1.0   -1.0   -1.0   -1.0   -1.0   -1.0   -1.0   -1.0   -1.0   -1.0   -1.0   -1.0   -1.0   -1.0   -1.0   -1.0   -1.0   -1.0   -1.0   -1.0   -1.0   -1.0   -1.0   -1.0   -1.0   -1.0   -1.0   -1.0   -1.0   -1.0   -1.0   -1.0   -1.0   -1.0   -1.0   -1.0   -1.0   -1.0   -1.0   -1.0   -1.0   -1.0   -1.0   -1.0   -1.0   -1.0   -1.0   -1.0   -1.0   -1.0   -1.0   -1.0   -1.0    1.0
***********************************************************
                                                          
                                                          
 The Linear Equation System: successful !
 Euclidean Norm of the Error (e - x) is :    2.4494897427831779     
 Root Mean Square (x - e)            is :   0.31622776601683794     
